+----+--------+-----------------+--------------------+----------+
|edad|ingresos|frecuencia_compra|            features|prediction|
+----+--------+-----------------+--------------------+----------+
|  58|   50495|               11| [58.0,50495.0,11.0]|         1|
|  25|   86237|                9|  [25.0,86237.0,9.0]|         0|
|  19|   98907|                5|  [19.0,98907.0,5.0]|         0|
|  65|   23478|                7|  [65.0,23478.0,7.0]|         3|
|  35|   93563|               25| [35.0,93563.0,25.0]|         0|
|  33|   46062|               11| [33.0,46062.0,11.0]|         1|
|  32|  113850|                4| [32.0,113850.0,4.0]|         2|
|  26|  105181|                3| [26.0,105181.0,3.0]|         2|
|  65|  111924|               13|[65.0,111924.0,13.0]|         2|
|  24|   91426|                4|  [24.0,91426.0,4.0]|         0|
|  61|   74987|               12| [61.0,74987.0,12.0]|         0|
|  65|   48893|               28| [65.0,48893.0,28.0]|         1|
|  52|   78878|               12| [52.0,78878.0,12.0]|         0|
|  23|   97236|               20| [23.0,97236.0,20.0]|         0|
|  55|   56463|                9|  [55.0,56463.0,9.0]|         1|
|  45|   20851|               26| [45.0,20851.0,26.0]|         3|
|  20|  119458|                2| [20.0,119458.0,2.0]|         2|
|  19|   40926|               24| [19.0,40926.0,24.0]|         1|
|  23|  111506|               15|[23.0,111506.0,15.0]|         2|
|  31|   75392|               18| [31.0,75392.0,18.0]|         0|
+----+--------+-----------------+--------------------+----------+

Silhouette Score: 0.7656886435649886
CORRECTO: el proceso con PID 10044 (proceso secundario de PID 18060)
ha sido terminado.
CORRECTO: el proceso con PID 18060 (proceso secundario de PID 25132)
ha sido terminado.
CORRECTO: el proceso con PID 25132 (proceso secundario de PID 35272)
ha sido terminado